[gd_scene load_steps=4 format=2]

[ext_resource path="res://Player.tscn" type="PackedScene" id=1]

[sub_resource type="BoxShape" id=1]
extents = Vector3( 30, 1, 30 )

[sub_resource type="CubeMesh" id=2]
size = Vector3( 60, 2, 60 )

[node name="Main" type="Node"]

[node name="Ground" type="StaticBody" parent="."]

[node name="CollisionShape" type="CollisionShape" parent="Ground"]
shape = SubResource( 1 )

[node name="MeshInstance" type="MeshInstance" parent="Ground"]
transform = Transform( 1, 0, 0, 0, 1, 0, 0, 0, 1, -2.82689, -1.0842, -3.33297 )
mesh = SubResource( 2 )
material/0 = null

[node name="DirectionalLight" type="DirectionalLight" parent="."]
transform = Transform( 0.993011, -0.0928126, 0.0729052, 0, 0.617722, 0.786396, -0.118023, -0.7809, 0.613405, 0, 17.33, 0 )
shadow_enabled = true

[node name="Player" parent="." instance=ExtResource( 1 )]
transform = Transform( 0.999837, 0.00280605, -0.017843, -0.00343159, 0.999377, -0.0351238, 0.0177334, 0.0351793, 0.999224, 0, -0.136907, 0 )

[node name="CameraPivot" type="Spatial" parent="."]
transform = Transform( 1, 0, 0, 0, 0.608498, 0.793555, 0, -0.793555, 0.608498, 0, 0, 0 )
visible = false

[node name="Camera" type="Camera" parent="CameraPivot"]
transform = Transform( 1, 0, 0, 0, 1, -7.45058e-09, 0, 7.45058e-09, 1, 0, 0, 19 )
visible = false
projection = 1
current = true
fov = 1.0
size = 19.0
